343.655    352     1036.5    1.5    1.27547    0.407162    0.450555    0.03    0.109662    0.0948699    0    0    
0    0    13.653    0    0.0186072    0.033551    0.00166773    0    0.0108193    0.000312931    0    0 
396.071    354     1051.76    1.5    1.25326    0.396438    0.439036    0.03    0.0582429    0.0944789    0    0
0    0    21.7618    0    0.113856    0.0401747    0.00171796    0    0.0273904    0.000504877    0    0
628.038    417     388.453    1.5    1.6536    0.191887    0.385849    0.03    0.0823242    0.0962346    0    0
0    0    14.068    0    0.0557205    0.0339371    0.00271584    0    0.00816432    0.000939512    0    0
309.847    328     621.405    1.5    1.21378    0.417672    0.430152    0.03    0.0614124    0.0948097    0    0
0    0    18.0358    0    0.154942    0.0637095    0.00214955    0    0.0161729    0.000715209    0    0
329.753    331     645.676    1.5    1.17822    0.34845    0.41785    0.03    0.0977126    0.0938352    0    0
0    0    16.6291    0    0.136397    0.0449989    0.00218852    0    0.00654804    0.000620346    0    0
352.371    323     640.222    1.5    1.00905    0.484078    0.409524    0.03    0.0978821    0.0940345    0    0
0    0    19.3286    0    0.142303    0.0841384    0.00210337    0    0.00274546    0.000734164    0    0
340.164    316     649.054    1.5    0.755939    0.756187    0.394906    0.03    0.283386    0.0937066    0    0
0    0    26.609    0    0.121574    0.127611    0.00159055    0    0.00142    0.00100753    0    0
286.386    298     567.184    1.5    0.725031    0.725087    0.394309    0.03    0.107286    0.0963298    396.164    0
0    0    40.381    0    0.142522    0.142469    0.00162675    0    0.00633838    0.00189162    29.2812    0
340.994    312     732.081    1.5    0.0664049    1.04552    0.382615    0.03    0.109662    0.0877244    1180.29    0
0    0    11.5971    0    0.0137488    0.00837206    0.00101561    0    0.00171737    0.000399945    63.4858    0
806.965    381     741.82    1.5    0.0978481    0.702529    0.374869    0.03    0.109662    0.0940881    5881.1    0
0    0    8.48985    0    0.00495969    0.0104865    0.000383805    0    0.00252503    0.000185329    96.3679    0
1740.3    390     576.76    1.5    0.0383992    0.203698    0.36991    0.03    0.109662    0.091965    9444.34    0
0    0    7.88109    0    0.00234099    0.0035746    0.00027381    0    0.000724133    0.000129056    110.596    0
1796.85    398     638.044    1.5    0.148238    0.0157329    0.36473    0.03    0.101108    0.0822071    10746.4    0
0    0    8.22576    0    0.00261473    0.00215887    0.000273425    0    9.52079e-05    0.00518019    113.378    0
1336.4    387     809.49    1.5    0.127386    0.02115    0.36003    0.03    0.123316    0.0822468    8654.77    0
0    0    7.41125    0    0.00334942    0.00208217    0.000299797    0    9.27203e-05    0.00287843    94.0265    0
2036    392     664.426    1.5    0.133095    0.0154186    0.357571    0.03    0.102428    0.0822465    10301.4    0
0    0    9.25711    0    0.00221719    0.00201951    0.000300325    0    9.69823e-05    0.00613459    124.049    0
